camera_matrix:
- - 1431.3925733427923
  - 0.0
  - 900.9925696379551
- - 0.0
  - 1429.5004308549535
  - 597.2266984314027
- - 0.0
  - 0.0
  - 1.0
dist_coeffs:
- - 0.030408906203652233
  - -0.1893147878228974
  - 0.0008308489420164471
  - -0.015094812253438061
  - 0.17583919624411262
properties:
  Auto Exposure: 3.0
  Auto Focus: 0.0
  Brightness: 128.0
  Contrast: 128.0
  Exposure: 333.0
  FPS: 5.0
  Focus: 0.0
  Format: 16.0
  Gain: 133.0
  Height: 1080.0
  Hue: -1.0
  Mode: 0.0
  Saturation: 128.0
  Width: 1920.0
  Zoom: 100.0
