camera_matrix:
- - 969.708418757663
  - 0.0
  - 609.1689718263681
- - 0.0
  - 971.4748553390629
  - 358.9718020335155
- - 0.0
  - 0.0
  - 1.0
dist_coeffs:
- - 0.15845122587774374
  - -0.510932459923064
  - 0.0009540051474482432
  - -0.0023627637550488914
  - 0.4489414633546902
properties:
  Auto Exposure: 3.0
  Auto Focus: -1.0
  Brightness: 22.0
  Contrast: 95.0
  Exposure: 156.0
  FPS: 30.0
  Focus: -1.0
  Format: 16.0
  Gain: 1.0
  Height: 720.0
  Hue: 40.0
  Mode: 0.0
  Saturation: 48.0
  Width: 1280.0
  Zoom: -1.0
