camera_matrix:
- - 1621.7315451177528
  - 0.0
  - 964.7388472359571
- - 0.0
  - 1617.2938809383559
  - 525.3796903032958
- - 0.0
  - 0.0
  - 1.0
dist_coeffs:
- - 0.234252302169369
  - -0.7643217007644098
  - -0.002325631685454377
  - 0.0057455115706998225
  - 0.8485704427475937
properties:
  Auto Exposure: 1.0
  Auto Focus: 1.0
  Brightness: 0.0
  Contrast: 32.0
  Exposure: 500.0
  FPS: 30.0
  Focus: 200.0
  Format: 16.0
  Gain: 0.0
  Height: 1080.0
  Hue: 0.0
  Mode: 0.0
  Saturation: 64.0
  Width: 1920.0
  Zoom: -1.0
