camera_matrix:
- - 2806.2228728769037
  - 0.0
  - 1641.1688038022457
- - 0.0
  - 2796.71372455405
  - 1177.44386023591
- - 0.0
  - 0.0
  - 1.0
dist_coeffs:
- - 0.24160395475641047
  - -0.8227965092284701
  - -0.005512965440698301
  - 0.004425205897274054
  - 0.5810634529329601
properties:
  Auto Exposure: 3.0
  Auto Focus: 0.0
  Brightness: 10.0
  Contrast: 13.0
  Exposure: 157.0
  FPS: 20.0
  Focus: 470.0
  Format: 16.0
  Gain: 17.0
  Height: 2448.0
  Hue: 0.0
  Mode: 0.0
  Saturation: 0.0
  Width: 3264.0
  Zoom: -1.0
