camera_matrix:
- - 2857.1010514764307
  - 0.0
  - 1579.6293132343865
- - 0.0
  - 2846.595228312684
  - 1170.32618174652
- - 0.0
  - 0.0
  - 1.0
dist_coeffs:
- - 0.1967942185545144
  - -0.5643391587583151
  - 0.004035474832376362
  - -0.007523007023275422
  - 0.31159251281292716
properties:
  Auto Exposure: 3.0
  Auto Focus: 0.0
  Brightness: 10.0
  Contrast: 13.0
  Exposure: 157.0
  FPS: 20.0
  Focus: 470.0
  Format: 16.0
  Gain: 17.0
  Height: 2448.0
  Hue: 0.0
  Mode: 0.0
  Saturation: 0.0
  Width: 3264.0
  Zoom: -1.0
