camera_matrix:
- - 2746.19698501866
  - 0.0
  - 1644.9932880335177
- - 0.0
  - 2764.0877116250394
  - 1190.181996266019
- - 0.0
  - 0.0
  - 1.0
dist_coeffs:
- - 0.23964445853786492
  - -1.0826996330542757
  - -0.005795650003323887
  - 0.005551271049625799
  - 1.8079928586099085
properties:
  Auto Exposure: 3.0
  Auto Focus: 0.0
  Brightness: 0.0
  Contrast: 32.0
  Exposure: 157.0
  FPS: 30.0
  Focus: 255.0
  Format: 16.0
  Gain: 0.0
  Height: 2448.0
  Hue: 0.0
  Mode: 0.0
  Saturation: 64.0
  Width: 3264.0
  Zoom: -1.0
